 country_code | customer_count |      avg_balance      
--------------+----------------+-----------------------
 30           |            803 | 7564.6806351183063512
 10           |            777 | 7541.2130373230373230
 28           |            829 | 7517.2471411338962606
 21           |            843 | 7503.1950889679715302
 26           |            819 | 7485.4170329670329670
 33           |            787 | 7438.7980304955527319
 31           |            806 | 7417.6506699751861042
(7 rows)

