 country_code | customer_count | total_balance |      avg_balance      
--------------+----------------+---------------+-----------------------
 21           |            843 |    6325193.46 | 7503.1950889679715302
 28           |            829 |    6231797.88 | 7517.2471411338962606
 26           |            819 |    6130556.55 | 7485.4170329670329670
 30           |            803 |    6074438.55 | 7564.6806351183063512
 31           |            806 |    5978626.44 | 7417.6506699751861042
 10           |            777 |    5859522.53 | 7541.2130373230373230
 33           |            787 |    5854334.05 | 7438.7980304955527319
(7 rows)

